%YAML:1.0
---
camera_name: A00364A17250133A
rotation_matrix:
   rows: 3
   cols: 3
   data: [ 9.4405325208749202e-01, -8.2851204338538445e-02,
       -3.1921643936784333e-01, -7.6959518358836534e-02,
       8.8586158124440639e-01, -4.5752212122381131e-01,
       3.2068783849252241e-01, 4.5649198986927875e-01,
       8.2992431789180643e-01 ]
translation_matrix:
   rows: 3
   cols: 1
   data: [ 1.4891670870234899e-01, 3.2372769938478829e-01,
       9.3450226154796368e-02 ]
essential_matrix:
   rows: 3
   cols: 3
   data: [ 1.1100742057126231e-01, 6.4995136558830408e-02,
       3.1142503579379149e-01, 4.0466212480570210e-02,
       -7.5721748462952682e-02, -1.5342044634374363e-01,
       -3.1707674557232735e-01, 1.5874082081654958e-01,
       3.5206515071188577e-02 ]
fundamental_matrix:
   rows: 3
   cols: 3
   data: [ 6.1958586079039177e-06, 3.6094422020465103e-06,
       8.5482290996748856e-03, 2.2560182327015916e-06,
       -4.2003011118511196e-06, -5.1438857744719995e-03,
       -1.2664697482993164e-02, 4.9604449834238021e-03, 1. ]
