%YAML:1.0
---
camera_name: A00364A17250133A_depth
image_width: 640
image_height: 488
camera_matrix:
   rows: 3
   cols: 3
   data: [ 6.5737437173838657e+02, 0., 3.0325892813031021e+02, 0.,
       6.6069804939921562e+02, 2.7688175264383528e+02, 0., 0., 1. ]
distortion_coefficients:
   rows: 1
   cols: 5
   data: [ -1.3157851741741208e-01, 8.7718347147260567e-01,
       4.4286540742071940e-03, -3.1985019168231971e-03,
       -1.5907165853301541e+00 ]
distortion_model: plumb_bob
rectification_matrix:
   rows: 3
   cols: 3
   data: [ 1., 0., 0., 0., 1., 0., 0., 0., 1. ]
projection_matrix:
   rows: 3
   cols: 4
   data: [ 6.5737437173838657e+02, 0., 3.0325892813031021e+02,
       -3.1985019168231971e-03, 0., 6.6069804939921562e+02,
       2.7688175264383528e+02, 0., 0., 0., 1., 1. ]
