%YAML:1.0
---
camera_name: A00364A17250133A_rgb
image_width: 640
image_height: 480
camera_matrix:
   rows: 3
   cols: 3
   data: [ 5.7138395662560106e+02, 0., 3.1885431590282286e+02, 0.,
       5.7204142731204661e+02, 2.5576391657234208e+02, 0., 0., 1. ]
distortion_coefficients:
   rows: 1
   cols: 5
   data: [ 3.3341791354895572e-01, -6.6680136603092999e-01,
       -8.6706257409001064e-03, -4.0931437922481790e-03,
       3.4811357011580413e-01 ]
distortion_model: plumb_bob
rectification_matrix:
   rows: 3
   cols: 3
   data: [ 1., 0., 0., 0., 1., 0., 0., 0., 1. ]
projection_matrix:
   rows: 3
   cols: 4
   data: [ 5.7138395662560106e+02, 0., 3.1885431590282286e+02, 0., 0.,
       5.7204142731204661e+02, 2.5576391657234208e+02, 0., 0., 0., 1.,
       1. ]
