1.000000 0.000084 0.000094 0.000291 -0.000085 1.000000 0.000186 0.000075 -0.000094 -0.000186 1.000000 0.000317
0.999994 -0.000273 0.003323 0.056294 0.000277 0.999999 -0.001092 0.016100 -0.003323 0.001093 0.999994 0.153670
0.999975 -0.001238 0.007016 0.110856 0.001239 0.999999 -0.000130 0.028045 -0.007016 0.000139 0.999975 0.292013
0.999967 0.000503 0.008068 0.119315 -0.000475 0.999994 -0.003541 0.216431 -0.008070 0.003537 0.999961 0.344706
0.999940 -0.005993 0.009162 0.093963 0.006014 0.999979 -0.002293 0.335351 -0.009148 0.002348 0.999955 0.342263
0.999859 -0.007585 0.014957 0.013726 0.007580 0.999971 0.000388 0.376056 -0.014960 -0.000275 0.999888 0.169575
0.999852 -0.007671 0.015423 -0.068870 0.007660 0.999970 0.000731 0.353671 -0.015428 -0.000613 0.999881 -0.031556
0.999785 -0.007621 0.019263 -0.110728 0.007564 0.999967 0.003013 0.545778 -0.019285 -0.002866 0.999810 -0.074352
0.999769 -0.010321 0.018869 -0.133831 0.010247 0.999940 0.003994 0.705887 -0.018910 -0.003800 0.999814 -0.083276
0.999690 -0.009862 0.022856 0.097627 0.009814 0.999949 0.002201 0.761757 -0.022877 -0.001976 0.999736 -0.191072
0.999690 -0.008704 0.023325 0.222383 0.008608 0.999954 0.004218 0.773562 -0.023360 -0.004016 0.999719 -0.246254
0.999858 -0.007911 0.014875 0.358123 0.007843 0.999959 0.004593 0.811533 -0.014910 -0.004476 0.999879 -0.036704
0.999754 -0.007974 0.020709 0.499730 0.007885 0.999959 0.004359 0.827713 -0.020743 -0.004194 0.999776 -0.017846
0.999798 -0.010411 0.017213 0.542481 0.010331 0.999936 0.004713 0.838639 -0.017261 -0.004535 0.999841 0.112004
0.999919 -0.006516 0.010954 0.516679 0.006420 0.999941 0.008787 0.704701 -0.011011 -0.008716 0.999901 0.143372
0.999944 -0.004080 0.009743 0.537919 0.003995 0.999954 0.008759 0.525540 -0.009778 -0.008719 0.999914 0.151068
0.999981 -0.001854 0.005935 0.560021 0.001802 0.999960 0.008736 0.339889 -0.005951 -0.008725 0.999944 0.161222
0.999929 0.001841 0.011800 0.516306 -0.001925 0.999973 0.007115 0.267510 -0.011787 -0.007137 0.999905 0.049190
0.999855 0.005962 0.015931 0.450416 -0.006073 0.999958 0.006891 0.253772 -0.015889 -0.006987 0.999849 -0.108412
0.994421 0.028731 0.101496 0.317829 -0.023042 0.998120 -0.056786 0.177945 -0.102937 0.054131 0.993214 -0.054081
0.994818 0.010142 0.101168 0.126056 -0.006284 0.999243 -0.038382 0.072238 -0.101480 0.037547 0.994129 0.021989
0.999972 0.002436 0.007058 -0.015086 -0.002457 0.999993 0.002895 0.009499 -0.007051 -0.002912 0.999971 0.024094
